set P :=
1 2 3 4 5 6 7 8 9 10 11 12 13 14 15 16 17 18 19 20 21 22 23 24 25 26 27 28 29 30 31 32 33 34 35 36 37 38 39 40 41 42 43 44 45 46 47 48 49 50 51 52 53 54 55 56 57 58 59 60 61 62 63 64 65 66 67 68 69 70 71 72 73 74 75 76 77 78 79 80 81 82 83 84 85 86 87 88 89 90 91 92 93 94 95 96 97 98 99 100 101 102 103 104 105 106 107 108 109 110 111 112 113 114 115 116 117 118 119 120 121 122 123 124 125 126 127 128 129 130 131 132 133 134 135 136 137 138 139 140 141 142 143 144 145 146 147 148 149 150 151 152 153 154 155 156 157 158 159 160 161 162 163 164 165 166 167 168 169 170 171 172 173 174 175 176 177 178 179 180 181 182 183 184 185 186 187 188 189 190 191 192 193 194 195 196 197 198 199 200 201 202 203 204 205 206 207 208 209 210 211 212 213 214 215 216 217 218 219 220 221 222 223 224 225 226 227 228 229 230 231 232 233 234 235 236 237 238 239 240 241 242 243 244 245 246 247 248 249 250 251 252 253 254 255 256 257 258 259 260 261 262 263 264 265 266 267 268 269 270 271 272 273 274 275 276 277 278 279 280 281 282 283 284 285 286 287 288 289 290 291 292 293 294 295 296 297 298 299 300 301 302 303 304 305 306 307 308 309 310 311 312 313 314 315 316 317 318 319 320 321 322 323 324 325 326 327 328 329 330 331 332 333 334 335 336 337 338 339 340 341 342 343 344 345 346 347 348 349 350 351 352 353 354 355 356 357 358 359 360 361 362 363 364 365 366 367 368 369 370 371 372 373 374 375 376 377 378 379 380 381 382 383 384 385 386 387 388 389 390 391 392 393 394 395 396 397 398 399 400 401 402 403 404 405 406 407 408 409 410 411 412 413 414 415 416 417 418 419 420 421 422 423 424 425 426 427 428 429 430 431 432 433 434 435 436 437 438 439 440 441 442 443 444 445 446 447 448 449 450 451 452 453 454 455 456 457 458 459 460 461 462 463 464 465 466 467 468 469 470 471 472 473 474 475 476 477 478 479 480 481 482 483 484 485 486 487 488 489 490 491 492 493 494 495 496 497 498 499 500 501 502 503 504 505 506 507 508 509 510 511 512 513 514 515 516 517 518 519 520 521 522 523 524 525 526 527 528 529 530 531 532 533 534 535 536 537 538 539 540 541 542 543 544 545 546 547 548 549 550 551 552 553 554 555 556 557 558 559 560 561 562 563 564 565 566 567 568 569 570 571 572 573 574 575 576 577 578 579 580 581 582 583 584 585 586 587 588 589 590 591 592 593 594 595 596 597 598 599 600 601 602 603 604 605 606 607 608 609 610 611 612 613 614 615 616 617 618 619 620 621 622 623 624 625 626 627 628 629 630 631 632 633 634 635 636 637 638 639 640 641 642 643 644 645 646 647 648 649 650 651 652 653 654 655 656 657 658 659 660 661 662 663 664 665 666 667 668 669 670 671 672 673 674 675 676 677 678 679 680 681 682 683 684 685 686 687 688 689 690 691 692 693 694 695 696 697 698 699 700 701 702 703 704 705 706 707 708 709 710 711 712 713 714 715 716 717 718 719 720 721 722 723 724 725 726 727 728 729 730 731 732 733 734 735 736 737 738 739 740 741 742 743 744 745 746 747 748 749 750 751 752 753 754 755 756 757 758 759 760 761 762 763 764 765 766 767 768 769 770 771 772 773 774 775 776 777 778 779 780 781 782 783 784 785 786 787 788 789 790 791 792 793 794 795 796 797 798 799 800 801 802 803 804 805 806 807 808 809 810 811 812 813 814 815 816 817 818 819 820 821 822 823 824 825 826 827 828 829 830 831 832 833 834 835 836 837 838 839 840 841 842 843 844 845 846 847 848 849 850 851 852 853 854 855 856 857 858 859 860 861 862 863 864 865 866 867 868 869 870 871 872 873 874 875 876 877 878 879 880 881 882 883 884 885 886 887 888 889 890 891 892 893 894 895 896 897 898 899 900 901 902 903 904 905 906 907 908 909 910 911 912 913 914 915 916 917 918 919 920 921 922 923 924 925 926 927 928 929 930 931 932 933 934 935 936 937 938 939 940 941 942 943 944 945 946 947 948 949 950 951 952 953 954 955 956 957 958 959 960 961 962 963 964 965 966 967 968 969 970 971 972 973 974 975 976 977 978 979 980 981 982 983 984 985 986 987 988 989 990 991 992 993 994 995 996 997 998 999 1000 1001 1002 1003 1004 1005 1006 1007 1008 1009 1010 1011 1012 1013 1014 1015 1016 1017 1018 1019 1020 1021 1022 1023 1024 1025 1026 1027 1028 1029 1030 1031 1032 1033 1034 1035 1036 1037 1038 1039 1040 1041 1042 1043 1044 1045 1046 1047 1048 1049 1050 1051 1052 1053 1054 1055 1056 1057 1058 1059 1060 1061 1062 1063 1064 1065 1066 1067 1068 1069 1070 1071 1072 1073 1074 1075 1076 1077 1078 1079 1080 1081 1082 1083 1084 1085 1086 1087 1088 1089 1090 1091 1092 1093 1094 1095 1096 1097 1098 1099 1100 1101 1102 1103 1104 1105 1106 1107 1108 1109 1110 1111 1112 1113 1114 1115 1116 1117 1118 1119 1120 1121 1122 1123 1124 1125 1126 1127 1128 1129 1130 1131 1132 1133 1134 1135 1136 1137 1138 1139 1140 1141 1142 1143 1144 1145 1146 1147 1148 1149 1150 1151 1152 1153 1154 1155 1156 1157 1158 1159 1160 1161 1162 1163 1164 1165 1166 1167 1168 1169 1170 1171 1172 1173 1174 1175 1176 1177 1178 1179 1180 1181 1182 1183 1184 1185 1186 1187 1188 1189 1190 1191 1192 1193 1194 1195 1196 1197 1198 1199 1200 1201 1202 1203 1204 1205 1206 1207 1208 1209 1210 1211 1212 1213 1214 1215 1216 1217 1218 1219 1220 1221 1222 1223 1224 1225 1226 1227 1228 1229 1230 1231 1232 1233 1234 1235 1236 1237 1238 1239 1240 1241 1242 1243 1244 1245 1246 1247 1248 1249 1250 1251 1252 1253 1254 1255 1256 1257 1258 1259 1260 1261 1262 1263 1264 1265 1266 1267 1268 1269 1270 1271 1272 1273 1274 1275 1276 1277 1278
;

param: WG lp wp hp :=
   1 1000.0 13.0 13.0 16.5
   2 1000.0 13.0 13.0 16.5
   3 1000.0 13.0 13.0 16.5
   4 1000.0 13.0 13.0 16.5
   5 1000.0 13.0 13.0 16.5
   6 1000.0 13.0 13.0 16.5
   7 1000.0 13.0 13.0 16.5
   8 1000.0 13.0 13.0 16.5
   9 1000.0 13.0 13.0 16.5
   10 1000.0 13.0 13.0 16.5
   11 1000.0 13.0 13.0 16.5
   12 1000.0 13.0 13.0 16.5
   13 1000.0 13.0 13.0 16.5
   14 1000.0 13.0 13.0 16.5
   15 1000.0 13.0 13.0 16.5
   16 1000.0 13.0 13.0 16.5
   17 1000.0 13.0 13.0 16.5
   18 1000.0 13.0 13.0 16.5
   19 1000.0 13.0 13.0 16.5
   20 1000.0 13.0 13.0 16.5
   21 1000.0 13.0 13.0 16.5
   22 1000.0 13.0 13.0 16.5
   23 1000.0 13.0 13.0 16.5
   24 1000.0 13.0 13.0 16.5
   25 220.0 18.5 15.0 5.0
   26 220.0 18.5 15.0 5.0
   27 220.0 18.5 15.0 5.0
   28 220.0 18.5 15.0 5.0
   29 220.0 18.5 15.0 5.0
   30 220.0 18.5 15.0 5.0
   31 220.0 18.5 15.0 5.0
   32 220.0 18.5 15.0 5.0
   33 220.0 18.5 15.0 5.0
   34 220.0 18.5 15.0 5.0
   35 220.0 18.5 15.0 5.0
   36 220.0 18.5 15.0 5.0
   37 220.0 18.5 15.0 5.0
   38 220.0 18.5 15.0 5.0
   39 220.0 18.5 15.0 5.0
   40 220.0 18.5 15.0 5.0
   41 220.0 18.5 15.0 5.0
   42 220.0 18.5 15.0 5.0
   43 220.0 18.5 15.0 5.0
   44 220.0 18.5 15.0 5.0
   45 220.0 18.5 15.0 5.0
   46 220.0 18.5 15.0 5.0
   47 220.0 18.5 15.0 5.0
   48 220.0 18.5 15.0 5.0
   49 220.0 18.5 15.0 5.0
   50 220.0 18.5 15.0 5.0
   51 220.0 18.5 15.0 5.0
   52 220.0 18.5 15.0 5.0
   53 220.0 18.5 15.0 5.0
   54 220.0 18.5 15.0 5.0
   55 220.0 18.5 15.0 5.0
   56 220.0 18.5 15.0 5.0
   57 220.0 18.5 15.0 5.0
   58 220.0 18.5 15.0 5.0
   59 220.0 18.5 15.0 5.0
   60 220.0 18.5 15.0 5.0
   61 220.0 18.5 15.0 5.0
   62 220.0 18.5 15.0 5.0
   63 220.0 18.5 15.0 5.0
   64 220.0 18.5 15.0 5.0
   65 220.0 18.5 15.0 5.0
   66 220.0 18.5 15.0 5.0
   67 220.0 18.5 15.0 5.0
   68 220.0 18.5 15.0 5.0
   69 220.0 18.5 15.0 5.0
   70 220.0 18.5 15.0 5.0
   71 220.0 18.5 15.0 5.0
   72 220.0 18.5 15.0 5.0
   73 220.0 18.5 15.0 5.0
   74 220.0 18.5 15.0 5.0
   75 220.0 18.5 15.0 5.0
   76 220.0 18.5 15.0 5.0
   77 220.0 18.5 15.0 5.0
   78 220.0 18.5 15.0 5.0
   79 220.0 18.5 15.0 5.0
   80 220.0 18.5 15.0 5.0
   81 220.0 18.5 15.0 5.0
   82 220.0 18.5 15.0 5.0
   83 220.0 18.5 15.0 5.0
   84 220.0 18.5 15.0 5.0
   85 220.0 18.5 15.0 5.0
   86 220.0 18.5 15.0 5.0
   87 220.0 18.5 15.0 5.0
   88 220.0 18.5 15.0 5.0
   89 220.0 18.5 15.0 5.0
   90 220.0 18.5 15.0 5.0
   91 220.0 18.5 15.0 5.0
   92 220.0 18.5 15.0 5.0
   93 220.0 18.5 15.0 5.0
   94 220.0 18.5 15.0 5.0
   95 220.0 18.5 15.0 5.0
   96 220.0 18.5 15.0 5.0
   97 220.0 18.5 15.0 5.0
   98 220.0 18.5 15.0 5.0
   99 220.0 18.5 15.0 5.0
   100 220.0 18.5 15.0 5.0
   101 220.0 18.5 15.0 5.0
   102 220.0 18.5 15.0 5.0
   103 220.0 18.5 15.0 5.0
   104 220.0 18.5 15.0 5.0
   105 220.0 18.5 15.0 5.0
   106 220.0 18.5 15.0 5.0
   107 220.0 18.5 15.0 5.0
   108 220.0 18.5 15.0 5.0
   109 220.0 18.5 15.0 5.0
   110 220.0 18.5 15.0 5.0
   111 220.0 18.5 15.0 5.0
   112 220.0 18.5 15.0 5.0
   113 220.0 18.5 15.0 5.0
   114 220.0 18.5 15.0 5.0
   115 220.0 18.5 15.0 5.0
   116 220.0 18.5 15.0 5.0
   117 220.0 18.5 15.0 5.0
   118 220.0 18.5 15.0 5.0
   119 220.0 18.5 15.0 5.0
   120 220.0 18.5 15.0 5.0
   121 220.0 18.5 15.0 5.0
   122 220.0 18.5 15.0 5.0
   123 220.0 18.5 15.0 5.0
   124 220.0 18.5 15.0 5.0
   125 220.0 18.5 15.0 5.0
   126 220.0 18.5 15.0 5.0
   127 220.0 18.5 15.0 5.0
   128 220.0 18.5 15.0 5.0
   129 220.0 18.5 15.0 5.0
   130 220.0 18.5 15.0 5.0
   131 220.0 18.5 15.0 5.0
   132 220.0 18.5 15.0 5.0
   133 220.0 18.5 15.0 5.0
   134 220.0 18.5 15.0 5.0
   135 220.0 18.5 15.0 5.0
   136 220.0 18.5 15.0 5.0
   137 220.0 18.5 15.0 5.0
   138 220.0 18.5 15.0 5.0
   139 220.0 18.5 15.0 5.0
   140 220.0 18.5 15.0 5.0
   141 220.0 18.5 15.0 5.0
   142 220.0 18.5 15.0 5.0
   143 220.0 18.5 15.0 5.0
   144 220.0 18.5 15.0 5.0
   145 220.0 18.5 15.0 5.0
   146 220.0 18.5 15.0 5.0
   147 220.0 18.5 15.0 5.0
   148 220.0 18.5 15.0 5.0
   149 220.0 18.5 15.0 5.0
   150 220.0 18.5 15.0 5.0
   151 220.0 18.5 15.0 5.0
   152 220.0 18.5 15.0 5.0
   153 220.0 18.5 15.0 5.0
   154 220.0 18.5 15.0 5.0
   155 220.0 18.5 15.0 5.0
   156 220.0 18.5 15.0 5.0
   157 220.0 18.5 15.0 5.0
   158 220.0 18.5 15.0 5.0
   159 220.0 18.5 15.0 5.0
   160 220.0 18.5 15.0 5.0
   161 220.0 18.5 15.0 5.0
   162 220.0 18.5 15.0 5.0
   163 220.0 18.5 15.0 5.0
   164 220.0 18.5 15.0 5.0
   165 220.0 18.5 15.0 5.0
   166 220.0 18.5 15.0 5.0
   167 220.0 18.5 15.0 5.0
   168 220.0 18.5 15.0 5.0
   169 220.0 18.5 15.0 5.0
   170 220.0 18.5 15.0 5.0
   171 220.0 18.5 15.0 5.0
   172 220.0 18.5 15.0 5.0
   173 220.0 18.5 15.0 5.0
   174 220.0 18.5 15.0 5.0
   175 400.0 10.0 10.0 11.4
   176 400.0 10.0 10.0 11.4
   177 400.0 10.0 10.0 11.4
   178 400.0 10.0 10.0 11.4
   179 400.0 10.0 10.0 11.4
   180 400.0 10.0 10.0 11.4
   181 400.0 10.0 10.0 11.4
   182 400.0 10.0 10.0 11.4
   183 400.0 10.0 10.0 11.4
   184 400.0 10.0 10.0 11.4
   185 400.0 10.0 10.0 11.4
   186 400.0 10.0 10.0 11.4
   187 400.0 10.0 10.0 11.4
   188 400.0 10.0 10.0 11.4
   189 400.0 10.0 10.0 11.4
   190 400.0 10.0 10.0 11.4
   191 400.0 10.0 10.0 11.4
   192 400.0 10.0 10.0 11.4
   193 400.0 10.0 10.0 11.4
   194 400.0 10.0 10.0 11.4
   195 400.0 10.0 10.0 11.4
   196 400.0 10.0 10.0 11.4
   197 400.0 10.0 10.0 11.4
   198 400.0 10.0 10.0 11.4
   199 400.0 10.0 10.0 11.4
   200 400.0 10.0 10.0 11.4
   201 400.0 10.0 10.0 11.4
   202 400.0 10.0 10.0 11.4
   203 400.0 10.0 10.0 11.4
   204 400.0 10.0 10.0 11.4
   205 400.0 10.0 10.0 11.4
   206 400.0 10.0 10.0 11.4
   207 400.0 10.0 10.0 11.4
   208 400.0 10.0 10.0 11.4
   209 400.0 10.0 10.0 11.4
   210 400.0 10.0 10.0 11.4
   211 400.0 10.0 10.0 11.4
   212 400.0 10.0 10.0 11.4
   213 400.0 10.0 10.0 11.4
   214 400.0 10.0 10.0 11.4
   215 400.0 10.0 10.0 11.4
   216 400.0 10.0 10.0 11.4
   217 400.0 10.0 10.0 11.4
   218 400.0 10.0 10.0 11.4
   219 400.0 10.0 10.0 11.4
   220 400.0 10.0 10.0 11.4
   221 400.0 10.0 10.0 11.4
   222 400.0 10.0 10.0 11.4
   223 400.0 10.0 10.0 11.4
   224 400.0 10.0 10.0 11.4
   225 400.0 10.0 10.0 11.4
   226 400.0 10.0 10.0 11.4
   227 400.0 10.0 10.0 11.4
   228 400.0 10.0 10.0 11.4
   229 400.0 10.0 10.0 11.4
   230 400.0 10.0 10.0 11.4
   231 400.0 10.0 10.0 11.4
   232 400.0 10.0 10.0 11.4
   233 400.0 10.0 10.0 11.4
   234 400.0 10.0 10.0 11.4
   235 400.0 10.0 10.0 11.4
   236 400.0 10.0 10.0 11.4
   237 400.0 10.0 10.0 11.4
   238 400.0 10.0 10.0 11.4
   239 400.0 10.0 10.0 11.4
   240 400.0 10.0 10.0 11.4
   241 400.0 10.0 10.0 11.4
   242 400.0 10.0 10.0 11.4
   243 400.0 10.0 10.0 11.4
   244 400.0 10.0 10.0 11.4
   245 400.0 10.0 10.0 11.4
   246 400.0 10.0 10.0 11.4
   247 500.0 10.0 10.0 11.5
   248 500.0 10.0 10.0 11.5
   249 500.0 10.0 10.0 11.5
   250 500.0 10.0 10.0 11.5
   251 500.0 10.0 10.0 11.5
   252 500.0 10.0 10.0 11.5
   253 500.0 10.0 10.0 11.5
   254 500.0 10.0 10.0 11.5
   255 500.0 10.0 10.0 11.5
   256 500.0 10.0 10.0 11.5
   257 500.0 10.0 10.0 11.5
   258 500.0 10.0 10.0 11.5
   259 500.0 10.0 10.0 11.5
   260 500.0 10.0 10.0 11.5
   261 500.0 10.0 10.0 11.5
   262 500.0 10.0 10.0 11.5
   263 500.0 10.0 10.0 11.5
   264 500.0 10.0 10.0 11.5
   265 500.0 10.0 10.0 11.5
   266 500.0 10.0 10.0 11.5
   267 500.0 10.0 10.0 11.5
   268 500.0 10.0 10.0 11.5
   269 500.0 10.0 10.0 11.5
   270 500.0 10.0 10.0 11.5
   271 500.0 10.0 10.0 11.5
   272 500.0 10.0 10.0 11.5
   273 500.0 10.0 10.0 11.5
   274 500.0 10.0 10.0 11.5
   275 500.0 10.0 10.0 11.5
   276 500.0 10.0 10.0 11.5
   277 500.0 10.0 10.0 11.5
   278 500.0 10.0 10.0 11.5
   279 500.0 10.0 10.0 11.5
   280 500.0 10.0 10.0 11.5
   281 500.0 10.0 10.0 11.5
   282 500.0 10.0 10.0 11.5
   283 500.0 10.0 10.0 11.5
   284 500.0 10.0 10.0 11.5
   285 500.0 10.0 10.0 11.5
   286 500.0 10.0 10.0 11.5
   287 500.0 10.0 10.0 11.5
   288 500.0 10.0 10.0 11.5
   289 500.0 10.0 10.0 11.5
   290 500.0 10.0 10.0 11.5
   291 500.0 10.0 10.0 11.5
   292 500.0 10.0 10.0 11.5
   293 500.0 10.0 10.0 11.5
   294 500.0 10.0 10.0 11.5
   295 2040.0 29.0 14.0 22.0
   296 2040.0 29.0 14.0 22.0
   297 2040.0 29.0 14.0 22.0
   298 2040.0 29.0 14.0 22.0
   299 2040.0 29.0 14.0 22.0
   300 2040.0 29.0 14.0 22.0
   301 2040.0 29.0 14.0 22.0
   302 2040.0 29.0 14.0 22.0
   303 2040.0 29.0 14.0 22.0
   304 2040.0 29.0 14.0 22.0
   305 2040.0 29.0 14.0 22.0
   306 2040.0 29.0 14.0 22.0
   307 2040.0 29.0 14.0 22.0
   308 2040.0 29.0 14.0 22.0
   309 2040.0 29.0 14.0 22.0
   310 2040.0 29.0 14.0 22.0
   311 2040.0 29.0 14.0 22.0
   312 2040.0 29.0 14.0 22.0
   313 2040.0 29.0 14.0 22.0
   314 2040.0 29.0 14.0 22.0
   315 2040.0 29.0 14.0 22.0
   316 2040.0 29.0 14.0 22.0
   317 2040.0 29.0 14.0 22.0
   318 2040.0 29.0 14.0 22.0
   319 2040.0 29.0 14.0 22.0
   320 2040.0 29.0 14.0 22.0
   321 2040.0 29.0 14.0 22.0
   322 2040.0 29.0 14.0 22.0
   323 2040.0 29.0 14.0 22.0
   324 2040.0 29.0 14.0 22.0
   325 2040.0 29.0 14.0 22.0
   326 2040.0 29.0 14.0 22.0
   327 2040.0 29.0 14.0 22.0
   328 2040.0 29.0 14.0 22.0
   329 2040.0 29.0 14.0 22.0
   330 2040.0 29.0 14.0 22.0
   331 2040.0 29.0 14.0 22.0
   332 2040.0 29.0 14.0 22.0
   333 2040.0 29.0 14.0 22.0
   334 2040.0 29.0 14.0 22.0
   335 2040.0 29.0 14.0 22.0
   336 2040.0 29.0 14.0 22.0
   337 2040.0 29.0 14.0 22.0
   338 2040.0 29.0 14.0 22.0
   339 2040.0 29.0 14.0 22.0
   340 2040.0 29.0 14.0 22.0
   341 2040.0 29.0 14.0 22.0
   342 2040.0 29.0 14.0 22.0
   343 2040.0 29.0 14.0 22.0
   344 2040.0 29.0 14.0 22.0
   345 2040.0 29.0 14.0 22.0
   346 2040.0 29.0 14.0 22.0
   347 2040.0 29.0 14.0 22.0
   348 2040.0 29.0 14.0 22.0
   349 2040.0 29.0 14.0 22.0
   350 2040.0 29.0 14.0 22.0
   351 2040.0 29.0 14.0 22.0
   352 2040.0 29.0 14.0 22.0
   353 2040.0 29.0 14.0 22.0
   354 2040.0 29.0 14.0 22.0
   355 300.0 5.0 15.0 18.0
   356 300.0 5.0 15.0 18.0
   357 300.0 5.0 15.0 18.0
   358 300.0 5.0 15.0 18.0
   359 300.0 5.0 15.0 18.0
   360 300.0 5.0 15.0 18.0
   361 300.0 5.0 15.0 18.0
   362 300.0 5.0 15.0 18.0
   363 300.0 5.0 15.0 18.0
   364 300.0 5.0 15.0 18.0
   365 300.0 5.0 15.0 18.0
   366 300.0 5.0 15.0 18.0
   367 300.0 5.0 15.0 18.0
   368 300.0 5.0 15.0 18.0
   369 300.0 5.0 15.0 18.0
   370 300.0 5.0 15.0 18.0
   371 300.0 5.0 15.0 18.0
   372 300.0 5.0 15.0 18.0
   373 300.0 5.0 15.0 18.0
   374 300.0 5.0 15.0 18.0
   375 300.0 5.0 15.0 18.0
   376 300.0 5.0 15.0 18.0
   377 300.0 5.0 15.0 18.0
   378 300.0 5.0 15.0 18.0
   379 300.0 5.0 15.0 18.0
   380 300.0 5.0 15.0 18.0
   381 300.0 5.0 15.0 18.0
   382 300.0 5.0 15.0 18.0
   383 300.0 5.0 15.0 18.0
   384 300.0 5.0 15.0 18.0
   385 300.0 5.0 15.0 18.0
   386 300.0 5.0 15.0 18.0
   387 300.0 5.0 15.0 18.0
   388 300.0 5.0 15.0 18.0
   389 300.0 5.0 15.0 18.0
   390 300.0 5.0 15.0 18.0
   391 300.0 5.0 15.0 18.0
   392 300.0 5.0 15.0 18.0
   393 300.0 5.0 15.0 18.0
   394 300.0 5.0 15.0 18.0
   395 300.0 5.0 15.0 18.0
   396 300.0 5.0 15.0 18.0
   397 300.0 5.0 15.0 18.0
   398 300.0 5.0 15.0 18.0
   399 300.0 5.0 15.0 18.0
   400 300.0 5.0 15.0 18.0
   401 300.0 5.0 15.0 18.0
   402 300.0 5.0 15.0 18.0
   403 300.0 5.0 15.0 18.0
   404 300.0 5.0 15.0 18.0
   405 300.0 5.0 15.0 18.0
   406 300.0 5.0 15.0 18.0
   407 300.0 5.0 15.0 18.0
   408 300.0 5.0 15.0 18.0
   409 300.0 5.0 15.0 18.0
   410 300.0 5.0 15.0 18.0
   411 300.0 5.0 15.0 18.0
   412 300.0 5.0 15.0 18.0
   413 300.0 5.0 15.0 18.0
   414 300.0 5.0 15.0 18.0
   415 300.0 5.0 15.0 18.0
   416 300.0 5.0 15.0 18.0
   417 300.0 5.0 15.0 18.0
   418 300.0 5.0 15.0 18.0
   419 300.0 5.0 15.0 18.0
   420 300.0 5.0 15.0 18.0
   421 300.0 5.0 15.0 18.0
   422 300.0 5.0 15.0 18.0
   423 300.0 5.0 15.0 18.0
   424 300.0 5.0 15.0 18.0
   425 300.0 5.0 15.0 18.0
   426 300.0 5.0 15.0 18.0
   427 300.0 5.0 15.0 18.0
   428 300.0 5.0 15.0 18.0
   429 300.0 5.0 15.0 18.0
   430 1000.0 13.0 13.0 16.0
   431 1000.0 13.0 13.0 16.0
   432 1000.0 13.0 13.0 16.0
   433 1000.0 13.0 13.0 16.0
   434 1000.0 13.0 13.0 16.0
   435 1000.0 13.0 13.0 16.0
   436 1000.0 13.0 13.0 16.0
   437 1000.0 13.0 13.0 16.0
   438 1000.0 13.0 13.0 16.0
   439 1000.0 13.0 13.0 16.0
   440 1000.0 13.0 13.0 16.0
   441 1000.0 13.0 13.0 16.0
   442 1000.0 13.0 13.0 16.0
   443 1000.0 13.0 13.0 16.0
   444 1000.0 13.0 13.0 16.0
   445 1000.0 13.0 13.0 16.0
   446 1000.0 13.0 13.0 16.0
   447 1000.0 13.0 13.0 16.0
   448 1000.0 13.0 13.0 16.0
   449 1000.0 13.0 13.0 16.0
   450 1000.0 13.0 13.0 16.0
   451 1000.0 13.0 13.0 16.0
   452 1000.0 13.0 13.0 16.0
   453 1000.0 13.0 13.0 16.0
   454 1000.0 13.0 13.0 16.0
   455 1000.0 13.0 13.0 16.0
   456 1000.0 13.0 13.0 16.0
   457 1000.0 13.0 13.0 16.0
   458 1000.0 13.0 13.0 16.0
   459 1000.0 13.0 13.0 16.0
   460 1000.0 13.0 13.0 16.0
   461 1000.0 13.0 13.0 16.0
   462 1000.0 13.0 13.0 16.0
   463 1000.0 13.0 13.0 16.0
   464 1000.0 13.0 13.0 16.0
   465 1000.0 13.0 13.0 16.0
   466 1000.0 13.0 13.0 16.0
   467 1000.0 13.0 13.0 16.0
   468 1000.0 13.0 13.0 16.0
   469 1000.0 13.0 13.0 16.0
   470 1000.0 13.0 13.0 16.0
   471 1000.0 13.0 13.0 16.0
   472 1000.0 13.0 13.0 16.0
   473 1000.0 13.0 13.0 16.0
   474 1000.0 13.0 13.0 16.0
   475 1000.0 13.0 13.0 16.0
   476 1000.0 13.0 13.0 16.0
   477 1000.0 13.0 13.0 16.0
   478 1000.0 13.0 13.0 16.0
   479 1000.0 13.0 13.0 16.0
   480 1000.0 13.0 13.0 16.0
   481 1000.0 13.0 13.0 16.0
   482 1000.0 13.0 13.0 16.0
   483 1000.0 13.0 13.0 16.0
   484 1000.0 13.0 13.0 16.0
   485 1000.0 13.0 13.0 16.0
   486 1000.0 13.0 13.0 16.0
   487 1000.0 13.0 13.0 16.0
   488 1000.0 13.0 13.0 16.0
   489 1000.0 13.0 13.0 16.0
   490 1000.0 13.0 13.0 16.0
   491 1000.0 13.0 13.0 16.0
   492 1000.0 13.0 13.0 16.0
   493 1000.0 13.0 13.0 16.0
   494 1000.0 13.0 13.0 16.0
   495 1000.0 13.0 13.0 16.0
   496 1000.0 13.0 13.0 16.0
   497 1000.0 13.0 13.0 16.0
   498 1000.0 13.0 13.0 16.0
   499 1000.0 13.0 13.0 16.0
   500 1000.0 13.0 13.0 16.0
   501 1000.0 13.0 13.0 16.0
   502 1000.0 13.0 13.0 16.0
   503 1000.0 13.0 13.0 16.0
   504 1000.0 13.0 13.0 16.0
   505 1000.0 13.0 13.0 16.0
   506 1000.0 13.0 13.0 16.0
   507 1000.0 13.0 13.0 16.0
   508 1000.0 13.0 13.0 16.0
   509 1000.0 13.0 13.0 16.0
   510 1000.0 13.0 13.0 16.0
   511 1000.0 13.0 13.0 16.0
   512 1000.0 13.0 13.0 16.0
   513 1000.0 13.0 13.0 16.0
   514 1000.0 13.0 13.0 16.0
   515 1000.0 13.0 13.0 16.0
   516 1000.0 13.0 13.0 16.0
   517 1000.0 13.0 13.0 16.0
   518 1000.0 13.0 13.0 16.0
   519 1000.0 13.0 13.0 16.0
   520 1000.0 13.0 13.0 16.0
   521 1000.0 13.0 13.0 16.0
   522 1000.0 13.0 13.0 16.0
   523 1000.0 13.0 13.0 16.0
   524 1000.0 13.0 13.0 16.0
   525 1000.0 13.0 13.0 16.0
   526 1000.0 13.0 13.0 16.0
   527 1000.0 13.0 13.0 16.0
   528 1000.0 13.0 13.0 16.0
   529 1000.0 13.0 13.0 16.0
   530 1000.0 13.0 13.0 16.0
   531 1000.0 13.0 13.0 16.0
   532 1000.0 13.0 13.0 16.0
   533 1000.0 13.0 13.0 16.0
   534 1000.0 13.0 13.0 16.0
   535 1000.0 13.0 13.0 16.0
   536 1000.0 13.0 13.0 16.0
   537 1000.0 13.0 13.0 16.0
   538 1000.0 13.0 13.0 16.0
   539 1000.0 13.0 13.0 16.0
   540 1000.0 13.0 13.0 16.0
   541 1000.0 13.0 13.0 16.0
   542 1000.0 13.0 13.0 16.0
   543 1000.0 13.0 13.0 16.0
   544 1000.0 13.0 13.0 16.0
   545 1000.0 13.0 13.0 16.0
   546 1000.0 13.0 13.0 16.0
   547 1000.0 13.0 13.0 16.0
   548 1000.0 13.0 13.0 16.0
   549 1000.0 13.0 13.0 16.0
   550 500.0 10.0 10.0 11.5
   551 500.0 10.0 10.0 11.5
   552 500.0 10.0 10.0 11.5
   553 500.0 10.0 10.0 11.5
   554 500.0 10.0 10.0 11.5
   555 500.0 10.0 10.0 11.5
   556 500.0 10.0 10.0 11.5
   557 500.0 10.0 10.0 11.5
   558 500.0 10.0 10.0 11.5
   559 500.0 10.0 10.0 11.5
   560 500.0 10.0 10.0 11.5
   561 500.0 10.0 10.0 11.5
   562 500.0 10.0 10.0 11.5
   563 500.0 10.0 10.0 11.5
   564 500.0 10.0 10.0 11.5
   565 500.0 10.0 10.0 11.5
   566 500.0 10.0 10.0 11.5
   567 500.0 10.0 10.0 11.5
   568 500.0 10.0 10.0 11.5
   569 500.0 10.0 10.0 11.5
   570 500.0 10.0 10.0 11.5
   571 500.0 10.0 10.0 11.5
   572 500.0 10.0 10.0 11.5
   573 500.0 10.0 10.0 11.5
   574 500.0 10.0 10.0 11.5
   575 500.0 10.0 10.0 11.5
   576 500.0 10.0 10.0 11.5
   577 500.0 10.0 10.0 11.5
   578 500.0 10.0 10.0 11.5
   579 500.0 10.0 10.0 11.5
   580 500.0 10.0 10.0 11.5
   581 500.0 10.0 10.0 11.5
   582 500.0 10.0 10.0 11.5
   583 500.0 10.0 10.0 11.5
   584 500.0 10.0 10.0 11.5
   585 500.0 10.0 10.0 11.5
   586 500.0 10.0 10.0 11.5
   587 500.0 10.0 10.0 11.5
   588 500.0 10.0 10.0 11.5
   589 500.0 10.0 10.0 11.5
   590 500.0 10.0 10.0 11.5
   591 500.0 10.0 10.0 11.5
   592 500.0 10.0 10.0 11.5
   593 500.0 10.0 10.0 11.5
   594 500.0 10.0 10.0 11.5
   595 500.0 10.0 10.0 11.5
   596 500.0 10.0 10.0 11.5
   597 500.0 10.0 10.0 11.5
   598 200.0 15.0 5.0 18.0
   599 200.0 15.0 5.0 18.0
   600 200.0 15.0 5.0 18.0
   601 200.0 15.0 5.0 18.0
   602 200.0 15.0 5.0 18.0
   603 200.0 15.0 5.0 18.0
   604 200.0 15.0 5.0 18.0
   605 200.0 15.0 5.0 18.0
   606 200.0 15.0 5.0 18.0
   607 200.0 15.0 5.0 18.0
   608 200.0 15.0 5.0 18.0
   609 200.0 15.0 5.0 18.0
   610 200.0 15.0 5.0 18.0
   611 200.0 15.0 5.0 18.0
   612 200.0 15.0 5.0 18.0
   613 200.0 15.0 5.0 18.0
   614 200.0 15.0 5.0 18.0
   615 200.0 15.0 5.0 18.0
   616 200.0 15.0 5.0 18.0
   617 200.0 15.0 5.0 18.0
   618 200.0 15.0 5.0 18.0
   619 200.0 15.0 5.0 18.0
   620 200.0 15.0 5.0 18.0
   621 200.0 15.0 5.0 18.0
   622 200.0 15.0 5.0 18.0
   623 200.0 15.0 5.0 18.0
   624 200.0 15.0 5.0 18.0
   625 200.0 15.0 5.0 18.0
   626 200.0 15.0 5.0 18.0
   627 200.0 15.0 5.0 18.0
   628 410.0 10.0 10.0 11.5
   629 410.0 10.0 10.0 11.5
   630 410.0 10.0 10.0 11.5
   631 410.0 10.0 10.0 11.5
   632 410.0 10.0 10.0 11.5
   633 410.0 10.0 10.0 11.5
   634 410.0 10.0 10.0 11.5
   635 410.0 10.0 10.0 11.5
   636 410.0 10.0 10.0 11.5
   637 410.0 10.0 10.0 11.5
   638 410.0 10.0 10.0 11.5
   639 410.0 10.0 10.0 11.5
   640 410.0 10.0 10.0 11.5
   641 410.0 10.0 10.0 11.5
   642 410.0 10.0 10.0 11.5
   643 410.0 10.0 10.0 11.5
   644 410.0 10.0 10.0 11.5
   645 410.0 10.0 10.0 11.5
   646 410.0 10.0 10.0 11.5
   647 410.0 10.0 10.0 11.5
   648 410.0 10.0 10.0 11.5
   649 410.0 10.0 10.0 11.5
   650 410.0 10.0 10.0 11.5
   651 410.0 10.0 10.0 11.5
   652 410.0 10.0 10.0 11.5
   653 410.0 10.0 10.0 11.5
   654 410.0 10.0 10.0 11.5
   655 410.0 10.0 10.0 11.5
   656 410.0 10.0 10.0 11.5
   657 410.0 10.0 10.0 11.5
   658 410.0 10.0 10.0 11.5
   659 410.0 10.0 10.0 11.5
   660 410.0 10.0 10.0 11.5
   661 410.0 10.0 10.0 11.5
   662 410.0 10.0 10.0 11.5
   663 410.0 10.0 10.0 11.5
   664 410.0 10.0 10.0 11.5
   665 410.0 10.0 10.0 11.5
   666 410.0 10.0 10.0 11.5
   667 410.0 10.0 10.0 11.5
   668 410.0 10.0 10.0 11.5
   669 410.0 10.0 10.0 11.5
   670 410.0 10.0 10.0 11.5
   671 410.0 10.0 10.0 11.5
   672 410.0 10.0 10.0 11.5
   673 410.0 10.0 10.0 11.5
   674 410.0 10.0 10.0 11.5
   675 410.0 10.0 10.0 11.5
   676 1100.0 12.8 12.8 16.2
   677 1100.0 12.8 12.8 16.2
   678 1100.0 12.8 12.8 16.2
   679 1100.0 12.8 12.8 16.2
   680 1100.0 12.8 12.8 16.2
   681 1100.0 12.8 12.8 16.2
   682 1100.0 12.8 12.8 16.2
   683 1100.0 12.8 12.8 16.2
   684 1100.0 12.8 12.8 16.2
   685 1100.0 12.8 12.8 16.2
   686 1100.0 12.8 12.8 16.2
   687 1100.0 12.8 12.8 16.2
   688 1100.0 12.8 12.8 16.2
   689 1100.0 12.8 12.8 16.2
   690 1100.0 12.8 12.8 16.2
   691 1100.0 12.8 12.8 16.2
   692 1100.0 12.8 12.8 16.2
   693 1100.0 12.8 12.8 16.2
   694 1100.0 12.8 12.8 16.2
   695 1100.0 12.8 12.8 16.2
   696 1100.0 12.8 12.8 16.2
   697 1100.0 12.8 12.8 16.2
   698 1100.0 12.8 12.8 16.2
   699 1100.0 12.8 12.8 16.2
   700 1100.0 12.8 12.8 16.2
   701 1100.0 12.8 12.8 16.2
   702 1100.0 12.8 12.8 16.2
   703 1100.0 12.8 12.8 16.2
   704 1100.0 12.8 12.8 16.2
   705 1100.0 12.8 12.8 16.2
   706 1100.0 12.8 12.8 16.2
   707 1100.0 12.8 12.8 16.2
   708 1100.0 12.8 12.8 16.2
   709 1100.0 12.8 12.8 16.2
   710 1100.0 12.8 12.8 16.2
   711 1100.0 12.8 12.8 16.2
   712 1100.0 12.8 12.8 16.2
   713 1100.0 12.8 12.8 16.2
   714 1100.0 12.8 12.8 16.2
   715 1100.0 12.8 12.8 16.2
   716 1100.0 12.8 12.8 16.2
   717 1100.0 12.8 12.8 16.2
   718 1100.0 12.8 12.8 16.2
   719 1100.0 12.8 12.8 16.2
   720 1100.0 12.8 12.8 16.2
   721 1100.0 12.8 12.8 16.2
   722 1100.0 12.8 12.8 16.2
   723 1100.0 12.8 12.8 16.2
   724 1100.0 12.8 12.8 16.2
   725 1100.0 12.8 12.8 16.2
   726 1100.0 12.8 12.8 16.2
   727 1100.0 12.8 12.8 16.2
   728 1100.0 12.8 12.8 16.2
   729 1100.0 12.8 12.8 16.2
   730 1100.0 12.8 12.8 16.2
   731 1100.0 12.8 12.8 16.2
   732 1100.0 12.8 12.8 16.2
   733 1100.0 12.8 12.8 16.2
   734 1100.0 12.8 12.8 16.2
   735 1100.0 12.8 12.8 16.2
   736 1100.0 12.8 12.8 16.2
   737 1100.0 12.8 12.8 16.2
   738 1100.0 12.8 12.8 16.2
   739 1100.0 12.8 12.8 16.2
   740 1100.0 12.8 12.8 16.2
   741 1100.0 12.8 12.8 16.2
   742 1100.0 12.8 12.8 16.2
   743 1100.0 12.8 12.8 16.2
   744 1100.0 12.8 12.8 16.2
   745 1100.0 12.8 12.8 16.2
   746 1100.0 12.8 12.8 16.2
   747 1100.0 12.8 12.8 16.2
   748 1100.0 12.8 12.8 16.2
   749 1100.0 12.8 12.8 16.2
   750 1100.0 12.8 12.8 16.2
   751 1100.0 12.8 12.8 16.2
   752 1100.0 12.8 12.8 16.2
   753 1100.0 12.8 12.8 16.2
   754 1100.0 12.8 12.8 16.2
   755 1100.0 12.8 12.8 16.2
   756 1100.0 12.8 12.8 16.2
   757 1100.0 12.8 12.8 16.2
   758 1100.0 12.8 12.8 16.2
   759 1100.0 12.8 12.8 16.2
   760 1100.0 12.8 12.8 16.2
   761 1100.0 12.8 12.8 16.2
   762 1100.0 12.8 12.8 16.2
   763 1100.0 12.8 12.8 16.2
   764 1100.0 12.8 12.8 16.2
   765 1100.0 12.8 12.8 16.2
   766 1100.0 12.8 12.8 16.2
   767 1100.0 12.8 12.8 16.2
   768 1100.0 12.8 12.8 16.2
   769 1100.0 12.8 12.8 16.2
   770 1100.0 12.8 12.8 16.2
   771 1100.0 12.8 12.8 16.2
   772 1100.0 12.8 12.8 16.2
   773 1100.0 12.8 12.8 16.2
   774 1100.0 12.8 12.8 16.2
   775 1100.0 12.8 12.8 16.2
   776 1100.0 12.8 12.8 16.2
   777 1100.0 12.8 12.8 16.2
   778 1100.0 12.8 12.8 16.2
   779 1100.0 12.8 12.8 16.2
   780 1100.0 12.8 12.8 16.2
   781 1100.0 12.8 12.8 16.2
   782 1100.0 12.8 12.8 16.2
   783 1100.0 12.8 12.8 16.2
   784 1100.0 12.8 12.8 16.2
   785 1100.0 12.8 12.8 16.2
   786 1100.0 12.8 12.8 16.2
   787 1100.0 12.8 12.8 16.2
   788 1100.0 12.8 12.8 16.2
   789 1100.0 12.8 12.8 16.2
   790 1100.0 12.8 12.8 16.2
   791 1100.0 12.8 12.8 16.2
   792 1100.0 12.8 12.8 16.2
   793 1100.0 12.8 12.8 16.2
   794 1100.0 12.8 12.8 16.2
   795 1100.0 12.8 12.8 16.2
   796 1100.0 12.8 12.8 16.2
   797 1100.0 12.8 12.8 16.2
   798 1100.0 12.8 12.8 16.2
   799 1100.0 12.8 12.8 16.2
   800 1100.0 12.8 12.8 16.2
   801 1100.0 12.8 12.8 16.2
   802 1100.0 12.8 12.8 16.2
   803 1100.0 12.8 12.8 16.2
   804 1100.0 12.8 12.8 16.2
   805 1100.0 12.8 12.8 16.2
   806 1100.0 12.8 12.8 16.2
   807 1100.0 12.8 12.8 16.2
   808 1100.0 12.8 12.8 16.2
   809 1100.0 12.8 12.8 16.2
   810 1100.0 12.8 12.8 16.2
   811 1100.0 12.8 12.8 16.2
   812 1100.0 12.8 12.8 16.2
   813 1100.0 12.8 12.8 16.2
   814 1100.0 12.8 12.8 16.2
   815 1100.0 12.8 12.8 16.2
   816 1100.0 12.8 12.8 16.2
   817 1100.0 12.8 12.8 16.2
   818 1100.0 12.8 12.8 16.2
   819 1100.0 12.8 12.8 16.2
   820 1100.0 12.8 12.8 16.2
   821 1100.0 12.8 12.8 16.2
   822 1100.0 12.8 12.8 16.2
   823 1100.0 12.8 12.8 16.2
   824 1100.0 12.8 12.8 16.2
   825 1100.0 12.8 12.8 16.2
   826 1100.0 12.8 12.8 16.2
   827 1100.0 12.8 12.8 16.2
   828 1100.0 12.8 12.8 16.2
   829 1100.0 12.8 12.8 16.2
   830 1100.0 12.8 12.8 16.2
   831 1100.0 12.8 12.8 16.2
   832 1100.0 12.8 12.8 16.2
   833 1100.0 12.8 12.8 16.2
   834 1100.0 12.8 12.8 16.2
   835 1100.0 12.8 12.8 16.2
   836 1100.0 12.8 12.8 16.2
   837 1100.0 12.8 12.8 16.2
   838 1100.0 12.8 12.8 16.2
   839 1100.0 12.8 12.8 16.2
   840 1100.0 12.8 12.8 16.2
   841 1100.0 12.8 12.8 16.2
   842 1100.0 12.8 12.8 16.2
   843 1100.0 12.8 12.8 16.2
   844 1100.0 12.8 12.8 16.2
   845 1100.0 12.8 12.8 16.2
   846 1100.0 12.8 12.8 16.2
   847 1100.0 12.8 12.8 16.2
   848 1100.0 12.8 12.8 16.2
   849 1100.0 12.8 12.8 16.2
   850 1100.0 12.8 12.8 16.2
   851 1100.0 12.8 12.8 16.2
   852 1100.0 12.8 12.8 16.2
   853 1100.0 12.8 12.8 16.2
   854 1100.0 12.8 12.8 16.2
   855 1100.0 12.8 12.8 16.2
   856 1000.0 18.5 11.0 22.0
   857 1000.0 18.5 11.0 22.0
   858 1000.0 18.5 11.0 22.0
   859 1000.0 18.5 11.0 22.0
   860 1000.0 18.5 11.0 22.0
   861 1000.0 18.5 11.0 22.0
   862 1000.0 18.5 11.0 22.0
   863 1000.0 18.5 11.0 22.0
   864 1000.0 18.5 11.0 22.0
   865 997.0 12.7 12.7 16.5
   866 997.0 12.7 12.7 16.5
   867 997.0 12.7 12.7 16.5
   868 997.0 12.7 12.7 16.5
   869 997.0 12.7 12.7 16.5
   870 997.0 12.7 12.7 16.5
   871 997.0 12.7 12.7 16.5
   872 997.0 12.7 12.7 16.5
   873 997.0 12.7 12.7 16.5
   874 997.0 12.7 12.7 16.5
   875 997.0 12.7 12.7 16.5
   876 997.0 12.7 12.7 16.5
   877 1000.0 13.0 13.0 16.5
   878 1000.0 13.0 13.0 16.5
   879 1000.0 13.0 13.0 16.5
   880 1000.0 13.0 13.0 16.5
   881 1000.0 13.0 13.0 16.5
   882 1000.0 13.0 13.0 16.5
   883 1000.0 13.0 13.0 16.5
   884 1000.0 13.0 13.0 16.5
   885 1000.0 13.0 13.0 16.5
   886 1000.0 13.0 13.0 16.5
   887 1000.0 13.0 13.0 16.5
   888 1000.0 13.0 13.0 16.5
   889 1000.0 13.0 13.0 16.5
   890 1000.0 13.0 13.0 16.5
   891 1000.0 13.0 13.0 16.5
   892 1000.0 13.0 13.0 16.5
   893 1000.0 13.0 13.0 16.5
   894 1000.0 13.0 13.0 16.5
   895 1000.0 13.0 13.0 16.5
   896 1000.0 13.0 13.0 16.5
   897 1000.0 13.0 13.0 16.5
   898 1000.0 13.0 13.0 16.5
   899 1000.0 13.0 13.0 16.5
   900 1000.0 13.0 13.0 16.5
   901 1000.0 13.0 13.0 16.5
   902 1000.0 13.0 13.0 16.5
   903 1000.0 13.0 13.0 16.5
   904 1000.0 13.0 13.0 16.5
   905 1000.0 13.0 13.0 16.5
   906 1000.0 13.0 13.0 16.5
   907 1000.0 13.0 13.0 16.5
   908 1000.0 13.0 13.0 16.5
   909 1000.0 13.0 13.0 16.5
   910 1000.0 13.0 13.0 16.5
   911 1000.0 13.0 13.0 16.5
   912 1000.0 13.0 13.0 16.5
   913 1000.0 13.0 13.0 16.5
   914 1000.0 13.0 13.0 16.5
   915 1000.0 13.0 13.0 16.5
   916 1000.0 13.0 13.0 16.5
   917 1000.0 13.0 13.0 16.5
   918 1000.0 13.0 13.0 16.5
   919 1000.0 13.0 13.0 16.5
   920 1000.0 13.0 13.0 16.5
   921 1000.0 13.0 13.0 16.5
   922 1000.0 13.0 13.0 16.5
   923 1000.0 13.0 13.0 16.5
   924 1000.0 13.0 13.0 16.5
   925 510.0 10.4 10.4 14.1
   926 510.0 10.4 10.4 14.1
   927 510.0 10.4 10.4 14.1
   928 510.0 10.4 10.4 14.1
   929 510.0 10.4 10.4 14.1
   930 510.0 10.4 10.4 14.1
   931 510.0 10.4 10.4 14.1
   932 510.0 10.4 10.4 14.1
   933 510.0 10.4 10.4 14.1
   934 510.0 10.4 10.4 14.1
   935 510.0 10.4 10.4 14.1
   936 510.0 10.4 10.4 14.1
   937 510.0 10.4 10.4 14.1
   938 510.0 10.4 10.4 14.1
   939 510.0 10.4 10.4 14.1
   940 510.0 10.4 10.4 14.1
   941 510.0 10.4 10.4 14.1
   942 510.0 10.4 10.4 14.1
   943 510.0 10.4 10.4 14.1
   944 510.0 10.4 10.4 14.1
   945 510.0 10.4 10.4 14.1
   946 510.0 10.4 10.4 14.1
   947 510.0 10.4 10.4 14.1
   948 510.0 10.4 10.4 14.1
   949 997.0 12.7 12.7 16.5
   950 997.0 12.7 12.7 16.5
   951 997.0 12.7 12.7 16.5
   952 997.0 12.7 12.7 16.5
   953 997.0 12.7 12.7 16.5
   954 997.0 12.7 12.7 16.5
   955 997.0 12.7 12.7 16.5
   956 997.0 12.7 12.7 16.5
   957 997.0 12.7 12.7 16.5
   958 997.0 12.7 12.7 16.5
   959 997.0 12.7 12.7 16.5
   960 997.0 12.7 12.7 16.5
   961 997.0 12.7 12.7 16.5
   962 997.0 12.7 12.7 16.5
   963 997.0 12.7 12.7 16.5
   964 997.0 12.7 12.7 16.5
   965 997.0 12.7 12.7 16.5
   966 997.0 12.7 12.7 16.5
   967 997.0 12.7 12.7 16.5
   968 997.0 12.7 12.7 16.5
   969 997.0 12.7 12.7 16.5
   970 997.0 12.7 12.7 16.5
   971 997.0 12.7 12.7 16.5
   972 997.0 12.7 12.7 16.5
   973 997.0 12.7 12.7 16.5
   974 997.0 12.7 12.7 16.5
   975 997.0 12.7 12.7 16.5
   976 997.0 12.7 12.7 16.5
   977 997.0 12.7 12.7 16.5
   978 997.0 12.7 12.7 16.5
   979 500.0 10.0 10.0 11.5
   980 500.0 10.0 10.0 11.5
   981 500.0 10.0 10.0 11.5
   982 500.0 10.0 10.0 11.5
   983 500.0 10.0 10.0 11.5
   984 500.0 10.0 10.0 11.5
   985 500.0 10.0 10.0 11.5
   986 500.0 10.0 10.0 11.5
   987 500.0 10.0 10.0 11.5
   988 500.0 10.0 10.0 11.5
   989 500.0 10.0 10.0 11.5
   990 500.0 10.0 10.0 11.5
   991 500.0 10.0 10.0 11.5
   992 500.0 10.0 10.0 11.5
   993 500.0 10.0 10.0 11.5
   994 500.0 10.0 10.0 11.5
   995 500.0 10.0 10.0 11.5
   996 500.0 10.0 10.0 11.5
   997 500.0 10.0 10.0 11.5
   998 500.0 10.0 10.0 11.5
   999 500.0 10.0 10.0 11.5
   1000 500.0 10.0 10.0 11.5
   1001 500.0 10.0 10.0 11.5
   1002 500.0 10.0 10.0 11.5
   1003 500.0 10.0 10.0 11.5
   1004 500.0 10.0 10.0 11.5
   1005 500.0 10.0 10.0 11.5
   1006 500.0 10.0 10.0 11.5
   1007 500.0 10.0 10.0 11.5
   1008 500.0 10.0 10.0 11.5
   1009 500.0 10.0 10.0 11.5
   1010 500.0 10.0 10.0 11.5
   1011 500.0 10.0 10.0 11.5
   1012 500.0 10.0 10.0 11.5
   1013 500.0 10.0 10.0 11.5
   1014 500.0 10.0 10.0 11.5
   1015 500.0 10.0 10.0 11.5
   1016 500.0 10.0 10.0 11.5
   1017 500.0 10.0 10.0 11.5
   1018 500.0 10.0 10.0 11.5
   1019 500.0 10.0 10.0 11.5
   1020 500.0 10.0 10.0 11.5
   1021 500.0 10.0 10.0 11.5
   1022 500.0 10.0 10.0 11.5
   1023 500.0 10.0 10.0 11.5
   1024 500.0 10.0 10.0 11.5
   1025 500.0 10.0 10.0 11.5
   1026 500.0 10.0 10.0 11.5
   1027 500.0 10.0 10.0 11.5
   1028 500.0 10.0 10.0 11.5
   1029 500.0 10.0 10.0 11.5
   1030 500.0 10.0 10.0 11.5
   1031 500.0 10.0 10.0 11.5
   1032 500.0 10.0 10.0 11.5
   1033 500.0 10.0 10.0 11.5
   1034 500.0 10.0 10.0 11.5
   1035 500.0 10.0 10.0 11.5
   1036 500.0 10.0 10.0 11.5
   1037 500.0 10.0 10.0 11.5
   1038 500.0 10.0 10.0 11.5
   1039 500.0 10.0 10.0 11.5
   1040 500.0 10.0 10.0 11.5
   1041 500.0 10.0 10.0 11.5
   1042 500.0 10.0 10.0 11.5
   1043 500.0 10.0 10.0 11.5
   1044 500.0 10.0 10.0 11.5
   1045 500.0 10.0 10.0 11.5
   1046 500.0 10.0 10.0 11.5
   1047 500.0 10.0 10.0 11.5
   1048 500.0 10.0 10.0 11.5
   1049 500.0 10.0 10.0 11.5
   1050 500.0 10.0 10.0 11.5
   1051 500.0 10.0 10.0 11.5
   1052 500.0 10.0 10.0 11.5
   1053 500.0 10.0 10.0 11.5
   1054 500.0 10.0 10.0 11.5
   1055 500.0 10.0 10.0 11.5
   1056 500.0 10.0 10.0 11.5
   1057 500.0 10.0 10.0 11.5
   1058 500.0 10.0 10.0 11.5
   1059 500.0 10.0 10.0 11.5
   1060 500.0 10.0 10.0 11.5
   1061 500.0 10.0 10.0 11.5
   1062 500.0 10.0 10.0 11.5
   1063 500.0 10.0 10.0 11.5
   1064 500.0 10.0 10.0 11.5
   1065 500.0 10.0 10.0 11.5
   1066 500.0 10.0 10.0 11.5
   1067 500.0 10.0 10.0 11.5
   1068 500.0 10.0 10.0 11.5
   1069 500.0 10.0 10.0 11.5
   1070 500.0 10.0 10.0 11.5
   1071 500.0 10.0 10.0 11.5
   1072 500.0 10.0 10.0 11.5
   1073 500.0 10.0 10.0 11.5
   1074 500.0 10.0 10.0 11.5
   1075 500.0 10.0 10.0 11.5
   1076 500.0 10.0 10.0 11.5
   1077 500.0 10.0 10.0 11.5
   1078 500.0 10.0 10.0 11.5
   1079 500.0 10.0 10.0 11.5
   1080 500.0 10.0 10.0 11.5
   1081 500.0 10.0 10.0 11.5
   1082 500.0 10.0 10.0 11.5
   1083 500.0 10.0 10.0 11.5
   1084 500.0 10.0 10.0 11.5
   1085 500.0 10.0 10.0 11.5
   1086 500.0 10.0 10.0 11.5
   1087 500.0 10.0 10.0 11.5
   1088 500.0 10.0 10.0 11.5
   1089 500.0 10.0 10.0 11.5
   1090 500.0 10.0 10.0 11.5
   1091 500.0 10.0 10.0 11.5
   1092 500.0 10.0 10.0 11.5
   1093 500.0 10.0 10.0 11.5
   1094 500.0 10.0 10.0 11.5
   1095 500.0 10.0 10.0 11.5
   1096 500.0 10.0 10.0 11.5
   1097 500.0 10.0 10.0 11.5
   1098 500.0 10.0 10.0 11.5
   1099 1000.0 13.0 13.0 16.0
   1100 1000.0 13.0 13.0 16.0
   1101 1000.0 13.0 13.0 16.0
   1102 1000.0 13.0 13.0 16.0
   1103 1000.0 13.0 13.0 16.0
   1104 1000.0 13.0 13.0 16.0
   1105 1000.0 13.0 13.0 16.0
   1106 1000.0 13.0 13.0 16.0
   1107 1000.0 13.0 13.0 16.0
   1108 1000.0 13.0 13.0 16.0
   1109 1000.0 13.0 13.0 16.0
   1110 1000.0 13.0 13.0 16.0
   1111 1000.0 13.0 13.0 16.0
   1112 1000.0 13.0 13.0 16.0
   1113 1000.0 13.0 13.0 16.0
   1114 1000.0 13.0 13.0 16.0
   1115 1000.0 13.0 13.0 16.0
   1116 1000.0 13.0 13.0 16.0
   1117 1000.0 13.0 13.0 16.0
   1118 1000.0 13.0 13.0 16.0
   1119 1000.0 13.0 13.0 16.0
   1120 1000.0 13.0 13.0 16.0
   1121 1000.0 13.0 13.0 16.0
   1122 1000.0 13.0 13.0 16.0
   1123 1000.0 13.0 13.0 16.0
   1124 1000.0 13.0 13.0 16.0
   1125 1000.0 13.0 13.0 16.0
   1126 1000.0 13.0 13.0 16.0
   1127 1000.0 13.0 13.0 16.0
   1128 1000.0 13.0 13.0 16.0
   1129 1000.0 13.0 13.0 16.0
   1130 1000.0 13.0 13.0 16.0
   1131 1000.0 13.0 13.0 16.0
   1132 1000.0 13.0 13.0 16.0
   1133 1000.0 13.0 13.0 16.0
   1134 1000.0 13.0 13.0 16.0
   1135 1000.0 13.0 13.0 16.0
   1136 1000.0 13.0 13.0 16.0
   1137 1000.0 13.0 13.0 16.0
   1138 1000.0 13.0 13.0 16.0
   1139 1000.0 13.0 13.0 16.0
   1140 1000.0 13.0 13.0 16.0
   1141 1000.0 13.0 13.0 16.0
   1142 1000.0 13.0 13.0 16.0
   1143 1000.0 13.0 13.0 16.0
   1144 1000.0 13.0 13.0 16.0
   1145 1000.0 13.0 13.0 16.0
   1146 1000.0 13.0 13.0 16.0
   1147 1000.0 13.0 13.0 16.0
   1148 1000.0 13.0 13.0 16.0
   1149 1000.0 13.0 13.0 16.0
   1150 1000.0 13.0 13.0 16.0
   1151 1000.0 13.0 13.0 16.0
   1152 1000.0 13.0 13.0 16.0
   1153 1000.0 13.0 13.0 16.0
   1154 1000.0 13.0 13.0 16.0
   1155 1000.0 13.0 13.0 16.0
   1156 1000.0 13.0 13.0 16.0
   1157 1000.0 13.0 13.0 16.0
   1158 1000.0 13.0 13.0 16.0
   1159 1000.0 13.0 13.0 16.0
   1160 1000.0 13.0 13.0 16.0
   1161 1000.0 13.0 13.0 16.0
   1162 1000.0 13.0 13.0 16.0
   1163 1000.0 13.0 13.0 16.0
   1164 1000.0 13.0 13.0 16.0
   1165 1000.0 13.0 13.0 16.0
   1166 1000.0 13.0 13.0 16.0
   1167 1000.0 13.0 13.0 16.0
   1168 1000.0 13.0 13.0 16.0
   1169 1000.0 13.0 13.0 16.0
   1170 1000.0 13.0 13.0 16.0
   1171 1000.0 13.0 13.0 16.0
   1172 1000.0 13.0 13.0 16.0
   1173 1000.0 13.0 13.0 16.0
   1174 1000.0 13.0 13.0 16.0
   1175 1000.0 13.0 13.0 16.0
   1176 1000.0 13.0 13.0 16.0
   1177 1000.0 13.0 13.0 16.0
   1178 1000.0 13.0 13.0 16.0
   1179 1000.0 13.0 13.0 16.0
   1180 1000.0 13.0 13.0 16.0
   1181 1000.0 13.0 13.0 16.0
   1182 1000.0 13.0 13.0 16.0
   1183 1000.0 13.0 13.0 16.0
   1184 1000.0 13.0 13.0 16.0
   1185 1000.0 13.0 13.0 16.0
   1186 1000.0 13.0 13.0 16.0
   1187 1000.0 13.0 13.0 16.0
   1188 1000.0 13.0 13.0 16.0
   1189 1000.0 13.0 13.0 16.0
   1190 1000.0 13.0 13.0 16.0
   1191 1000.0 13.0 13.0 16.0
   1192 1000.0 13.0 13.0 16.0
   1193 1000.0 13.0 13.0 16.0
   1194 1000.0 13.0 13.0 16.0
   1195 1000.0 13.0 13.0 16.0
   1196 1000.0 13.0 13.0 16.0
   1197 1000.0 13.0 13.0 16.0
   1198 1000.0 13.0 13.0 16.0
   1199 1000.0 13.0 13.0 16.0
   1200 1000.0 13.0 13.0 16.0
   1201 1000.0 13.0 13.0 16.0
   1202 1000.0 13.0 13.0 16.0
   1203 1000.0 13.0 13.0 16.0
   1204 1000.0 13.0 13.0 16.0
   1205 1000.0 13.0 13.0 16.0
   1206 1000.0 13.0 13.0 16.0
   1207 1000.0 13.0 13.0 16.0
   1208 1000.0 13.0 13.0 16.0
   1209 1000.0 13.0 13.0 16.0
   1210 1000.0 13.0 13.0 16.0
   1211 1000.0 13.0 13.0 16.0
   1212 1000.0 13.0 13.0 16.0
   1213 1000.0 13.0 13.0 16.0
   1214 1000.0 13.0 13.0 16.0
   1215 1000.0 13.0 13.0 16.0
   1216 1000.0 13.0 13.0 16.0
   1217 1000.0 13.0 13.0 16.0
   1218 1000.0 13.0 13.0 16.0
   1219 1000.0 13.0 13.0 16.0
   1220 1000.0 13.0 13.0 16.0
   1221 1000.0 13.0 13.0 16.0
   1222 1000.0 13.0 13.0 16.0
   1223 1000.0 13.0 13.0 16.0
   1224 1000.0 13.0 13.0 16.0
   1225 1000.0 13.0 13.0 16.0
   1226 1000.0 13.0 13.0 16.0
   1227 1000.0 13.0 13.0 16.0
   1228 1000.0 13.0 13.0 16.0
   1229 1000.0 13.0 13.0 16.0
   1230 1000.0 13.0 13.0 16.0
   1231 1000.0 13.0 13.0 16.0
   1232 1000.0 13.0 13.0 16.0
   1233 1000.0 13.0 13.0 16.0
   1234 1000.0 13.0 13.0 16.0
   1235 1000.0 13.0 13.0 16.0
   1236 1000.0 13.0 13.0 16.0
   1237 1000.0 13.0 13.0 16.0
   1238 1000.0 13.0 13.0 16.0
   1239 1000.0 13.0 13.0 16.0
   1240 1000.0 13.0 13.0 16.0
   1241 1000.0 13.0 13.0 16.0
   1242 1000.0 13.0 13.0 16.0
   1243 1000.0 13.0 13.0 16.0
   1244 1000.0 13.0 13.0 16.0
   1245 1000.0 13.0 13.0 16.0
   1246 1000.0 13.0 13.0 16.0
   1247 1000.0 13.0 13.0 16.0
   1248 1000.0 13.0 13.0 16.0
   1249 1000.0 13.0 13.0 16.0
   1250 1000.0 13.0 13.0 16.0
   1251 1000.0 13.0 13.0 16.0
   1252 1000.0 13.0 13.0 16.0
   1253 1000.0 13.0 13.0 16.0
   1254 1000.0 13.0 13.0 16.0
   1255 1000.0 13.0 13.0 16.0
   1256 1000.0 13.0 13.0 16.0
   1257 1000.0 13.0 13.0 16.0
   1258 1000.0 13.0 13.0 16.0
   1259 1000.0 13.0 13.0 16.0
   1260 1000.0 13.0 13.0 16.0
   1261 1000.0 13.0 13.0 16.0
   1262 1000.0 13.0 13.0 16.0
   1263 1000.0 13.0 13.0 16.0
   1264 1000.0 13.0 13.0 16.0
   1265 1000.0 13.0 13.0 16.0
   1266 1000.0 13.0 13.0 16.0
   1267 1000.0 13.0 13.0 16.0
   1268 1000.0 13.0 13.0 16.0
   1269 1000.0 13.0 13.0 16.0
   1270 1000.0 13.0 13.0 16.0
   1271 1000.0 13.0 13.0 16.0
   1272 1000.0 13.0 13.0 16.0
   1273 1000.0 13.0 13.0 16.0
   1274 1000.0 13.0 13.0 16.0
   1275 1000.0 13.0 13.0 16.0
   1276 1000.0 13.0 13.0 16.0
   1277 1000.0 13.0 13.0 16.0
   1278 1000.0 13.0 13.0 16.0
;

set B :=
1 2 3 4 5 6 7 8 9 10 11 12 13 14 15 16 17 18 19 20 21 22 23 24 25 26 27 28 29 30 31 32 33 34 35 36 37 38 39 40
;

param: LB WB HB CB alpha :=
   1 28 15 15 6300 32
   2 28 15 15 6300 32
   3 28 15 15 6300 32
   4 28 15 15 6300 32
   5 28 15 15 6300 32
   6 28 15 15 6300 32
   7 28 15 15 6300 32
   8 28 15 15 6300 32
   9 28 15 15 6300 32
   10 28 15 15 6300 32
   11 42 32 26 34944 94
   12 42 32 26 34944 94
   13 42 32 26 34944 94
   14 42 32 26 34944 94
   15 42 32 26 34944 94
   16 42 32 26 34944 94
   17 42 32 26 34944 94
   18 42 32 26 34944 94
   19 42 32 26 34944 94
   20 42 32 26 34944 94
   21 45.7 45.7 40.6 84793 156
   22 45.7 45.7 40.6 84793 156
   23 45.7 45.7 40.6 84793 156
   24 45.7 45.7 40.6 84793 156
   25 45.7 45.7 40.6 84793 156
   26 45.7 45.7 40.6 84793 156
   27 45.7 45.7 40.6 84793 156
   28 45.7 45.7 40.6 84793 156
   29 45.7 45.7 40.6 84793 156
   30 45.7 45.7 40.6 84793 156
   31 61 46 61 171166 469
   32 61 46 61 171166 469
   33 61 46 61 171166 469
   34 61 46 61 171166 469
   35 61 46 61 171166 469
   36 61 46 61 171166 469
   37 61 46 61 171166 469
   38 61 46 61 171166 469
   39 61 46 61 171166 469
   40 61 46 61 171166 469
;

param M     := 1000000; #large constant
param alpha_supp := 1;# minimum percentage of its bottom face supported by other items' top faces
