set B := 1 2 3 4 5 6 7 8 9 10 11 12 13 14 15 16 17 18 19 20 21 22 23 24 25 26 27 28 29 30 31 32 33 34 35 36 37;

param: LB WB HB CB alpha :=
    1      42 32 26 34944 94  
    2      42 32 26 34944 94
    3      45.7 45.7 40.6 84793 156
    4      28 15 15 6300 32
    6      28 15 15 6300 32
    7      28 15 15 6300 32
    8      28 15 15 6300 32
    9      28 15 15 6300 32
    10     28 15 15 6300 32
    11    42 32 26 34944 94
    12    42 32 26 34944 94
    13     28 15 15 6300 32
    14     28 15 15 6300 32
    15     28 15 15 6300 32
    16     28 15 15 6300 32
    17     28 15 15 6300 32
    18     28 15 15 6300 32
    19     28 15 15 6300 32
    20     28 15 15 6300 32
    21     28 15 15 6300 32
    22     28 15 15 6300 32
    23     28 15 15 6300 32
    24     28 15 15 6300 32
    25     28 15 15 6300 32
    26     28 15 15 6300 32
    27     28 15 15 6300 32
    28     28 15 15 6300 32
    29     28 15 15 6300 32
    30     28 15 15 6300 32
    31     28 15 15 6300 32
    32    28 15 15 6300 32
    33     28 15 15 6300 32
    34     28 15 15 6300 32 
    35     28 15 15 6300 32 
    36    28 15 15 6300 32 
    37    28 15 15 6300 32 

param g:
	      1 :=
	    1    1    
	    2    1    
	    3    1  
	    4    1  
	    5    1  
	    6    1   
	    7 	 1   
	    8	 1  
	    9    1  
	    10   1  
	    11   1   
	    12	 1  
	    13   1  
	    14   1 
	       15     1
                     16     1
                     17     1
                     18     1
                     19     1
                     20     1
                     21     1
                     22     1
                     23     1
                     24     1
                     25     1
                     26    1
                     27     1
                     28     1
                     29     1
                     30     1
                     31     1
                     32     1
                     33     1
                     34     1
                     35     1
                     36     1
                     37     1;


param q :     	 1   2   3   4  5  6   7  8  9   10   11  12 ;

  	     1    1  0   0   0  0  0   0  0  0   0     0   0
	    2    1 0   0   0  0  0   0  0  0   0     0   0   
	    3    1 0   0   0  0  0   0  0  0   0     0   0   
	    4    0 1   0   0  0  0   0  0  0   0     0   0   
	    5    0 0   1   0  0  0   0  0  0   0     0   0   
	    6    0 0   0   1  0  0   0  0  0   0     0   0
	    7 	 0 0  0   0   1 0   0  0  0   0     0   0
	    8	 0 0   0   0   1 0   0  0  0   0     0   0
	    9    0 0   0   0   1 0   0  0  0   0     0   0
	    10   0 0   0   0   1 0   0  0  0   0     0   0
	    11   0 0  0   0   1 0   0  0  0   0     0   0
	    12	 0 0   0   0   0 1   0  0  0   0     0   0
	    13   0 0  0   0   0 1   0  0  0   0     0   0
	    14   0 0   0   0   0 1   0  0  0   0     0   0
	       15     0  0   0   0   0 1   0  0  0   0     0   0
                     16     0  0   0   0   0 1   0  0  0   0     0   0
                     17     0  0   0   0   0  0  1  0  0   0     0   0
                     18     0  0   0   0   0  0  0  1  0   0     0   0
                     19     0  0   0   0   0  0  0  0  1   0     0   0
                     20     0  0   0   0   0  0  0  0  1   0     0   0
                     21     0  0   0   0   0  0  0  0  1   0     0   0
                     22     0  0   0   0   0  0  0  0  1   0     0   0
                     23     0  0   0   0   0  0  0  0  1   0     0   0
                     24     0  0   0   0   0  0  0  0  0   1     0   0
                     25     0  0   0   0   0  0  0  0  0   1     0   0
                     26    0  0   0   0   0  0  0  0  0   1     0   0
                     27     0  0   0   0   0  0  0  0  0   1     0   0
                     28     0  0   0   0   0  0  0  0  0   1     0   0
                     29     0  0   0   0   0  0  0  0  0   1     0   0
                     30     0  0   0   0   0  0  0  0  0   1     0   0
                     31     0  0   0   0   0  0  0  0  0   1     0   0
                     32     0  0   0   0   0  0  0  0  0   1     0   0
                     33     0  0   0   0   0  0  0  0  0   0     1   0
                     34     0  0   0   0   0  0  0  0  0   0     1   0
                     35     0  0   0   0   0  0  0  0  0   0     0   1
                     36     0  0   0   0   0  0  0  0  0   0     0   1
                     37     0  0   0   0   0  0  0  0  0   0     0   1     

shipment 157376 time limt without feasible solution




